TREE ITERATOR TESTS:

Constructors:
5 5
5 5
15 15
15 15
=======================================================
Equality operators:
false
false
true
false
true
=======================================================
Dereferenable:
5 5
5 47
=======================================================
Incrementation:
5 5
15 15
25 25
=======================================================
Decrementation:
35 35
25 25
15 15
35 35
25 25
15 15
5 5
=======================================================
CONST TREE ITERATOR TESTS:

Constructors:
5 5
5 5
5 5
5 5
=======================================================
Equality operators:
false
false
true
false
true
=======================================================
Dereferenable:
5 5
5 5
=======================================================
Incrementation:
5 5
15 15
25 25
=======================================================
Decrementation:
35 35
25 25
15 15
35 35
25 25
15 15
5 5
=======================================================
MAP MODIFIERS TESTS:

=======================================================
Insert test 1

size = 0

=======================================================
Insert test 2
5 5
15 15
25 25
35 35
45 45
55 55
65 65

size = 7

=======================================================
Insert test 3
1 1
5 5
15 15
25 25
35 35
45 45
55 55
65 65
75 75
85 85
95 95

size = 11

=======================================================
Insert test 4
5 5
65 65
85 85
95 95

size = 4

=======================================================
Insert test 5
5 5
25 25
45 45
55 55
65 65
85 85
95 95

size = 7

=======================================================
Insert test 6
1 1
5 5
15 15
25 25
35 35
45 45
55 55
65 65
75 75
85 85
95 95

size = 11

=======================================================
Insert test 7
15 15
25 25
95 95

size = 3

=======================================================
Insert test 7.5
15 15
25 25
95 95

size = 3

=======================================================
Insert test 8
20 20
30 30
40 40

size = 3

=======================================================
Insert test 9
0 0
5 5
10 10
20 20
30 30
40 40
50 50
55 55
60 60

size = 9

=======================================================
Insert test 10
0 0
5 5
8 8
10 10
15 15
20 20
30 30
40 40
45 45
50 50
52 52
55 55
60 60

size = 13

=======================================================
Insert test 11
0 0
5 5
8 8
10 10
15 15
20 20
30 30
40 40
45 45
50 50
52 52
55 55
60 60

size = 13

=======================================================
Insert test 12
0 0
5 5
8 8
10 10
15 15
18 18
20 20
30 30
40 40
45 45
50 50
52 52
55 55
60 60

size = 14

=======================================================
Insert test 13
0 0
5 5
8 8
10 10
15 15
18 18
20 20
30 30
33 33
40 40
45 45
50 50
52 52
55 55
60 60

size = 15

40 40
=======================================================
Insert test 14
0 0
5 5
8 8
10 10
15 15
18 18
20 20
30 30
33 33
40 40
45 45
50 50
51 51
52 52
55 55
60 60

size = 16

=======================================================
Insert test 15
0 0
5 5
8 8
10 10
15 15
18 18
20 20
30 30
33 33
38 38
40 40
45 45
49 49
50 50
51 51
52 52
55 55
60 60

size = 18

40 40
=======================================================
Insert test 16
0 0
5 5
8 8
10 10
15 15
18 18
20 20
30 30
33 33
38 38

size = 10

=======================================================
Insert test 17
0 0
5 5
8 8
10 10
15 15
18 18
20 20
30 30
33 33
38 38
40 40
45 45
49 49
50 50
51 51
52 52
55 55
60 60

size = 18

=======================================================
Insert test 18
0 0
5 5
8 8
10 10
15 15
18 18
20 20
30 30
33 33
38 38
40 40
45 45
49 49
50 50
51 51
52 52
55 55
60 60

size = 18

18
=======================================================
Erase test 1
0 0
5 5
8 8
10 10
15 15
20 20
30 30
33 33
38 38
40 40
45 45
49 49
50 50
51 51
52 52
55 55
60 60

size = 17

10
=======================================================
Erase test 2
0 0
5 5
8 8
15 15
20 20
30 30
33 33
38 38
40 40
45 45
49 49
50 50
51 51
52 52
55 55
60 60

size = 16

33
=======================================================
Erase test 3
0 0
5 5
8 8
15 15
20 20
30 30
38 38
40 40
45 45
49 49
50 50
51 51
52 52
55 55
60 60

size = 15

45
=======================================================
Erase test 4
0 0
5 5
8 8
15 15
20 20
30 30
38 38
40 40
49 49
50 50
51 51
52 52
55 55
60 60

size = 14

60
=======================================================
Erase test 5
0 0
5 5
8 8
15 15
20 20
30 30
38 38
40 40
49 49
50 50
51 51
52 52
55 55

size = 13

40
=======================================================
Erase test 6
0 0
5 5
8 8
15 15
20 20
30 30
38 38
49 49
50 50
51 51
52 52
55 55

size = 12

50
=======================================================
Erase test 7
0 0
5 5
8 8
15 15
20 20
30 30
38 38
49 49
51 51
52 52
55 55

size = 11

30
=======================================================
Erase test 8
0 0
5 5
8 8
15 15
20 20
38 38
49 49
51 51
52 52
55 55

size = 10

15
=======================================================
Erase test 9
0 0
5 5
8 8
20 20
38 38
49 49
51 51
52 52
55 55

size = 9

55
=======================================================
Erase test 10
0 0
5 5
8 8
20 20
38 38
49 49
51 51
52 52

size = 8

0
=======================================================
Erase test 11
5 5
8 8
20 20
38 38
49 49
51 51
52 52

size = 7

5
=======================================================
Erase test 12
8 8
20 20
38 38
49 49
51 51
52 52

size = 6

38
=======================================================
Erase test 13
8 8
20 20
49 49
51 51
52 52

size = 5

49
=======================================================
Erase test 14
8 8
20 20
51 51
52 52

size = 4

8
=======================================================
Erase test 15
20 20
51 51
52 52

size = 3

20
=======================================================
Erase test 16
51 51
52 52

size = 2

51
=======================================================
Erase test 17
52 52

size = 1

52
=======================================================
Erase test 18

size = 0

52
=======================================================
Erase test 19

size = 0

