TREE ITERATOR TESTS:

Constructors:
5 5
5 5
15 15
15 15
=======================================================
Equality operators:
false
false
true
false
true
=======================================================
Dereferenable:
5 5
5 47
=======================================================
Incrementation:
5 5
15 15
25 25
=======================================================
Decrementation:
35 35
25 25
15 15
=======================================================
CONST TREE ITERATOR TESTS:

Constructors:
5 5
5 5
5 5
5 5
=======================================================
Equality operators:
false
false
true
false
true
=======================================================
Dereferenable:
5 5
5 5
=======================================================
Incrementation:
5 5
15 15
25 25
=======================================================
Decrementation:
35 35
25 25
15 15
=======================================================
MAP MODIFIERS TESTS:

=======================================================
Insert test 1

size = 0

=======================================================
Insert test 2
5 5
15 15
25 25
35 35
45 45
55 55
65 65

size = 7

=======================================================
Insert test 3
1 1
5 5
15 15
25 25
35 35
45 45
55 55
65 65
75 75
85 85
95 95

size = 11

=======================================================
Insert test 4
5 5
65 65
85 85
95 95

size = 4

=======================================================
Insert test 5
5 5
25 25
45 45
55 55
65 65
85 85
95 95

size = 7

=======================================================
Insert test 6
1 1
5 5
15 15
25 25
35 35
45 45
55 55
65 65
75 75
85 85
95 95

size = 11

=======================================================
Insert test 7
15 15
25 25
95 95

size = 3

=======================================================
Insert test 7.5
15 15
25 25
95 95

size = 3

=======================================================
Insert test 8
-10 -10
0 0
10 10

size = 3

=======================================================
Insert test 9
-30 -30
-25 -25
-20 -20
-10 -10
0 0
10 10
20 20
25 25
30 30

size = 9

=======================================================
Insert test 10
-30 -30
-25 -25
-22 -22
-20 -20
-15 -15
-10 -10
0 0
10 10
15 15
20 20
22 22
25 25
30 30

size = 13

=======================================================
Insert test 11
-30 -30
-25 -25
-22 -22
-20 -20
-15 -15
-10 -10
0 0
10 10
15 15
20 20
22 22
25 25
30 30

size = 13

=======================================================
Insert test 12
-30 -30
-25 -25
-22 -22
-20 -20
-15 -15
-12 -12
-10 -10
0 0
10 10
15 15
20 20
22 22
25 25
30 30

size = 14

=======================================================
Insert test 13
-30 -30
-25 -25
-22 -22
-20 -20
-15 -15
-12 -12
-10 -10
0 0
3 3
10 10
15 15
20 20
22 22
25 25
30 30

size = 15

10 10
=======================================================
Insert test 14
-30 -30
-25 -25
-22 -22
-20 -20
-15 -15
-12 -12
-10 -10
0 0
3 3
10 10
15 15
20 20
21 21
22 22
25 25
30 30

size = 16

=======================================================
Insert test 15
-30 -30
-25 -25
-22 -22
-20 -20
-15 -15
-12 -12
-10 -10
0 0
3 3
8 8
10 10
15 15
19 19
20 20
21 21
22 22
25 25
30 30

size = 18

10 10
=======================================================
Insert test 16
-30 -30
-25 -25
-22 -22
-20 -20
-15 -15
-12 -12
-10 -10
0 0
3 3
8 8

size = 10

=======================================================
Insert test 17
-30 -30
-25 -25
-22 -22
-20 -20
-15 -15
-12 -12
-10 -10
0 0
3 3
8 8
10 10
15 15
19 19
20 20
21 21
22 22
25 25
30 30

size = 18

10 10
=======================================================
Erase test 1
-30 -30
-25 -25
-22 -22
-20 -20
-15 -15
-12 -12
-10 -10
0 0
3 3
8 8
15 15
19 19
20 20
21 21
22 22
25 25
30 30

size = 17

